# blastp
# Iteration: 4
# Query: WP_170306147.1 mycofactocin biosynthesis chaperone MftB [Mycolicibacter kumamotonensis]
# RID: H46PP9C9013
# Database: refseq_protein
# Fields: query acc.ver, subject acc.ver, % identity, alignment length, mismatches, gap opens, q. start, q. end, s. start, s. end, evalue, bit score, % positives
# 79 hits found
WP_170306147.1	WP_222508001.1	27.586	87	61	2	21	106	315	400	0.14	41.4	39.08
WP_170306147.1	WP_222504928.1	27.586	87	61	2	21	106	315	400	0.18	41.0	39.08
WP_170306147.1	WP_257060768.1	20.388	103	67	4	7	98	123	221	0.39	40.2	36.89
WP_170306147.1	WP_256228398.1	27.869	61	43	1	46	106	44	103	0.40	39.8	40.98
WP_170306147.1	WP_236549963.1	20.755	106	69	2	6	100	177	278	0.42	39.8	32.08
WP_170306147.1	WP_023171795.1	31.481	54	35	1	46	99	363	414	0.48	39.8	50.00
WP_170306147.1	WP_176662746.1	26.230	61	44	1	46	106	41	100	0.72	39.4	39.34
WP_170306147.1	WP_184641531.1	27.869	61	43	1	46	106	37	96	1.2	38.7	39.34
WP_170306147.1	WP_137860453.1	24.590	61	45	1	46	106	41	100	1.2	38.7	37.70
WP_170306147.1	WP_014434517.1	23.214	56	39	1	56	107	21	76	1.4	37.5	41.07
WP_170306147.1	WP_018111601.1	23.457	81	56	3	15	92	359	436	1.6	38.3	34.57
WP_170306147.1	WP_156653405.1	23.158	95	70	2	3	95	246	339	1.7	37.9	35.79
WP_170306147.1	WP_028389450.1	22.093	86	60	3	19	100	203	285	1.8	38.3	41.86
WP_170306147.1	WP_020399165.1	26.667	60	42	1	32	89	510	569	1.9	37.9	36.67
WP_170306147.1	WP_134830326.1	26.437	87	62	2	21	106	315	400	1.9	37.9	40.23
WP_170306147.1	WP_253863841.1	23.000	100	69	3	6	101	139	234	2.0	37.9	35.00
WP_170306147.1	WP_093013537.1	24.590	61	45	1	46	106	38	97	2.1	37.9	34.43
WP_170306147.1	WP_129370176.1	26.437	87	62	2	21	106	315	400	2.2	37.9	40.23
WP_170306147.1	WP_243091359.1	21.687	83	59	3	16	95	360	439	2.3	37.9	36.14
WP_170306147.1	WP_042576878.1	22.951	61	46	1	46	106	31	90	2.9	37.5	39.34
WP_170306147.1	WP_239578586.1	21.818	110	83	3	1	107	81	190	3.0	37.5	29.09
WP_170306147.1	WP_189072936.1	28.571	49	34	1	52	100	122	169	3.0	37.5	38.78
WP_170306147.1	WP_244373749.1	26.316	38	27	1	57	94	459	495	3.2	37.5	42.11
WP_170306147.1	WP_133900711.1	27.660	47	32	1	57	103	34	78	3.3	37.5	40.43
WP_170306147.1	WP_248509675.1	25.000	44	31	2	57	100	448	489	3.6	37.1	40.91
WP_170306147.1	WP_119451758.1	21.875	96	56	4	29	105	123	218	3.7	37.1	37.50
WP_170306147.1	WP_203742628.1	20.000	40	32	0	68	107	370	409	3.9	37.1	25.00
WP_170306147.1	WP_183440594.1	28.723	94	54	4	5	90	87	175	3.9	37.1	40.43
WP_170306147.1	WP_189115075.1	25.000	92	65	2	18	106	4	94	4.0	37.1	38.04
WP_170306147.1	WP_039159422.1	25.287	87	63	2	21	106	315	400	4.2	37.1	42.53
WP_170306147.1	WP_016433336.1	26.316	38	27	1	57	94	445	481	4.3	37.1	44.74
WP_170306147.1	WP_216497267.1	30.435	46	31	1	2	47	91	135	4.5	36.7	45.65
WP_170306147.1	WP_055515390.1	22.500	40	30	1	57	96	448	486	4.5	37.1	37.50
WP_170306147.1	WP_190854329.1	22.500	40	30	1	57	96	448	486	4.5	37.1	37.50
WP_170306147.1	WP_039185828.1	28.736	87	60	2	21	106	315	400	4.6	37.1	39.08
WP_170306147.1	WP_125786742.1	19.697	66	49	1	45	106	9	74	4.6	36.3	37.88
WP_170306147.1	WP_065268329.1	28.736	87	60	2	21	106	315	400	4.7	36.7	39.08
WP_170306147.1	WP_158715497.1	23.684	38	28	1	57	94	71	107	4.8	36.3	39.47
WP_170306147.1	WP_242710968.1	26.316	38	27	1	57	94	445	481	4.9	36.7	44.74
WP_170306147.1	WP_237696464.1	27.273	44	30	2	57	100	444	485	5.1	36.7	43.18
WP_170306147.1	WP_147994371.1	27.273	44	30	2	57	100	451	492	5.1	36.7	43.18
WP_170306147.1	WP_138918687.1	24.444	90	67	1	5	94	278	366	5.3	36.7	34.44
WP_170306147.1	WP_243027323.1	19.802	101	68	4	11	101	355	452	5.6	36.7	29.70
WP_170306147.1	WP_248780729.1	22.500	40	30	1	57	96	448	486	5.7	36.7	37.50
WP_170306147.1	WP_234325752.1	28.947	38	26	1	57	94	402	438	5.9	36.7	44.74
WP_170306147.1	WP_125527970.1	25.000	44	31	2	57	100	451	492	6.0	36.7	43.18
WP_170306147.1	WP_216800860.1	24.561	57	42	1	2	58	91	146	6.1	36.3	36.84
WP_170306147.1	WP_150505367.1	25.000	44	31	2	57	100	451	492	6.1	36.7	43.18
WP_170306147.1	WP_004273110.1	24.444	90	67	1	5	94	356	444	6.2	36.7	34.44
WP_170306147.1	WP_129797707.1	26.316	38	27	1	57	94	443	479	6.3	36.7	44.74
WP_170306147.1	WP_189776003.1	22.500	40	30	1	57	96	448	486	6.3	36.7	37.50
WP_170306147.1	WP_250568220.1	25.000	44	31	2	57	100	464	505	6.3	36.7	43.18
WP_170306147.1	WP_141788810.1	26.316	57	41	1	33	88	438	494	6.4	36.7	40.35
WP_170306147.1	WP_243766961.1	23.913	46	32	2	57	102	441	483	6.7	36.3	39.13
WP_170306147.1	WP_093867424.1	25.000	44	31	2	57	100	451	492	6.7	36.3	43.18
WP_170306147.1	WP_093744737.1	25.000	44	31	2	57	100	451	492	6.8	36.3	43.18
WP_170306147.1	WP_224738913.1	26.316	38	27	1	57	94	443	479	7.0	36.3	44.74
WP_170306147.1	WP_194038537.1	25.000	44	31	2	57	100	451	492	7.2	36.3	43.18
WP_170306147.1	WP_093906173.1	27.273	44	30	2	57	100	451	492	7.6	36.3	43.18
WP_170306147.1	WP_028769541.1	40.000	40	23	1	56	94	435	474	7.6	36.3	50.00
WP_170306147.1	WP_030844299.1	26.316	38	27	1	57	94	448	484	7.6	36.3	42.11
WP_170306147.1	WP_189591868.1	28.947	38	26	1	57	94	448	484	7.9	36.3	44.74
WP_170306147.1	WP_145620343.1	24.444	90	67	1	5	94	348	436	7.9	36.3	34.44
WP_170306147.1	WP_111479032.1	20.408	98	70	4	12	107	262	353	8.0	36.3	34.69
WP_170306147.1	WP_253475901.1	36.364	44	28	0	51	94	14	57	8.2	36.3	50.00
WP_170306147.1	WP_189263785.1	26.316	38	27	1	57	94	445	481	8.3	36.3	44.74
WP_170306147.1	WP_141714228.1	20.000	40	32	0	68	107	369	408	8.5	36.3	25.00
WP_170306147.1	WP_126901711.1	25.000	44	31	2	57	100	451	492	8.5	36.3	43.18
WP_170306147.1	WP_145817335.1	20.000	40	32	0	68	107	369	408	8.5	36.3	25.00
WP_170306147.1	WP_097214825.1	28.947	38	26	1	57	94	448	484	8.6	36.3	44.74
WP_170306147.1	WP_107019082.1	22.500	40	30	1	57	96	448	486	8.9	36.0	37.50
WP_170306147.1	WP_126024324.1	26.230	61	44	1	46	106	37	96	9.0	36.0	37.70
WP_170306147.1	WP_221513393.1	28.947	38	26	1	57	94	441	477	9.3	36.0	44.74
WP_170306147.1	WP_145727541.1	24.444	90	67	1	5	94	348	436	9.4	36.0	34.44
WP_170306147.1	WP_016744884.1	24.742	97	65	4	10	102	365	457	9.4	36.0	36.08
WP_170306147.1	WP_240860978.1	23.684	38	28	1	57	94	445	481	9.6	36.0	39.47
WP_170306147.1	WP_088874186.1	24.444	90	67	1	5	94	351	439	9.6	36.0	34.44
WP_170306147.1	WP_245906833.1	32.857	70	42	4	7	74	351	417	9.7	36.0	50.00
WP_170306147.1	WP_173529434.1	31.707	41	28	0	58	98	259	299	9.9	36.0	51.22


